TestRun Template
Parameter_1 = 77261.055358151
Parameter_2 = 0.5139843009676481