TestRun Template
Parameter_1 = 31768.321444582885
Parameter_2 = 0.6646892819564334