TestRun Template
Parameter_1 = 36310.98044086502
Parameter_2 = 0.694586462973466