TestRun Template
Parameter_1 = 42085.42157689288
Parameter_2 = 0.6894681951702741