TestRun Template
Parameter_1 = 78314.9522068431
Parameter_2 = 0.3094407424884648