TestRun Template
Parameter_1 = 47681.147350196436
Parameter_2 = 0.4799730681491482