TestRun Template
Parameter_1 = 30087.787444886944
Parameter_2 = 0.5529503902714727