TestRun Template
Parameter_1 = 28022.650830124578
Parameter_2 = 0.4822071294008753