TestRun Template
Parameter_1 = 40226.786824664996
Parameter_2 = 0.5980367164407575