TestRun Template
Parameter_1 = 50702.13859708149
Parameter_2 = 0.5172098676308741