TestRun Template
Parameter_1 = 37348.47881469279
Parameter_2 = 0.5118635077211774