TestRun Template
Parameter_1 = 20042.106009907537
Parameter_2 = 0.5491804812224934