TestRun Template
Parameter_1 = 45670.409562116685
Parameter_2 = 0.44067953061065285