TestRun Template
Parameter_1 = 37382.41921958651
Parameter_2 = 0.5319173223779706