TestRun Template
Parameter_1 = 76973.89714868138
Parameter_2 = 0.3020637019392922