TestRun Template
Parameter_1 = 23598.77416915203
Parameter_2 = 0.7329895071760484