TestRun Template
Parameter_1 = 29363.572885261794
Parameter_2 = 0.473950686502474