TestRun Template
Parameter_1 = 21324.693462971525
Parameter_2 = 0.8656927714127102