TestRun Template
Parameter_1 = 31999.242192636553
Parameter_2 = 0.7076246119247552