TestRun Template
Parameter_1 = 74964.87262938214
Parameter_2 = 0.30233149071203963