TestRun Template
Parameter_1 = 55780.03494750268
Parameter_2 = 0.5880967896100799