TestRun Template
Parameter_1 = 46385.05680115475
Parameter_2 = 0.44795847424027435