TestRun Template
Parameter_1 = 47967.474879481684
Parameter_2 = 0.4792334638783631