TestRun Template
Parameter_1 = 47044.569217212076
Parameter_2 = 0.4477426532704668