TestRun Template
Parameter_1 = 30551.45090254691
Parameter_2 = 0.5728571249558367