TestRun Template
Parameter_1 = 25615.951278656798
Parameter_2 = 0.5279912871990088