TestRun Template
Parameter_1 = 44436.18153733702
Parameter_2 = 0.4878631007423413