TestRun Template
Parameter_1 = 25982.562544241075
Parameter_2 = 0.4579014903946743