TestRun Template
Parameter_1 = 31841.742700729206
Parameter_2 = 0.47310498373450205