TestRun Template
Parameter_1 = 35029.54791734689
Parameter_2 = 0.3271309060088802