TestRun Template
Parameter_1 = 39890.07647436038
Parameter_2 = 0.4286579113890322