TestRun Template
Parameter_1 = 25948.233614943303
Parameter_2 = 0.8093783661932072