TestRun Template
Parameter_1 = 45132.00643698025
Parameter_2 = 0.7011535607836475