TestRun Template
Parameter_1 = 37994.8421372641
Parameter_2 = 0.7193121674682154