TestRun Template
Parameter_1 = 26626.665220643165
Parameter_2 = 0.7658906747467485