TestRun Template
Parameter_1 = 59820.494124492
Parameter_2 = 0.48841565360055833