TestRun Template
Parameter_1 = 28788.46644166101
Parameter_2 = 0.441744976396352