TestRun Template
Parameter_1 = 44979.32384625135
Parameter_2 = 0.4953127785265064