TestRun Template
Parameter_1 = 33681.907500347384
Parameter_2 = 0.6805445311052953