TestRun Template
Parameter_1 = 40067.775311514066
Parameter_2 = 0.7035851892189712