TestRun Template
Parameter_1 = 71605.18359664394
Parameter_2 = 0.31901299768131575