TestRun Template
Parameter_1 = 55918.768167988695
Parameter_2 = 0.7280818192875472