TestRun Template
Parameter_1 = 41220.49680718805
Parameter_2 = 0.5759959765549405