TestRun Template
Parameter_1 = 35149.444080547124
Parameter_2 = 0.5332740698809387