TestRun Template
Parameter_1 = 39274.623062978564
Parameter_2 = 0.4816775743668561