TestRun Template
Parameter_1 = 36434.01814913712
Parameter_2 = 0.5026629864846055