TestRun Template
Parameter_1 = 44300.74068384153
Parameter_2 = 0.48792062058070235