TestRun Template
Parameter_1 = 36932.77644322571
Parameter_2 = 0.6368614562435931