TestRun Template
Parameter_1 = 49273.71162725214
Parameter_2 = 0.41960805594255896