TestRun Template
Parameter_1 = 36708.759970795225
Parameter_2 = 0.4293396327403664