TestRun Template
Parameter_1 = 44581.49251691673
Parameter_2 = 0.4889957283723742