TestRun Template
Parameter_1 = 26077.9185343352
Parameter_2 = 0.8160955541368092