TestRun Template
Parameter_1 = 39313.54933024204
Parameter_2 = 0.4133220682094492