TestRun Template
Parameter_1 = 39858.60395655963
Parameter_2 = 0.4136448789838662