TestRun Template
Parameter_1 = 27839.0538091403
Parameter_2 = 0.6907549320746088