TestRun Template
Parameter_1 = 42870.0417694519
Parameter_2 = 0.43491671743435467