TestRun Template
Parameter_1 = 64384.64684802005
Parameter_2 = 0.3861749006981324