TestRun Template
Parameter_1 = 30722.22186042404
Parameter_2 = 0.7493664768831998