TestRun Template
Parameter_1 = 39651.85123246754
Parameter_2 = 0.5977560590599937