TestRun Template
Parameter_1 = 31908.726842312564
Parameter_2 = 0.46823310909436755