TestRun Template
Parameter_1 = 41039.2073702486
Parameter_2 = 0.4625020206909432