TestRun Template
Parameter_1 = 24716.8514098949
Parameter_2 = 0.4362768119947009