TestRun Template
Parameter_1 = 78691.24064521828
Parameter_2 = 0.5182810141916109