TestRun Template
Parameter_1 = 32583.62315168893
Parameter_2 = 0.5072314550956196