TestRun Template
Parameter_1 = 41514.20802413063
Parameter_2 = 0.46231572830570294