TestRun Template
Parameter_1 = 33683.03754458734
Parameter_2 = 0.6745328320814434