TestRun Template
Parameter_1 = 29934.684948691996
Parameter_2 = 0.8854531077225827