TestRun Template
Parameter_1 = 42163.86899152631
Parameter_2 = 0.6910324836839401