TestRun Template
Parameter_1 = 49406.652310396865
Parameter_2 = 0.5726229172066457