TestRun Template
Parameter_1 = 76993.13817040857
Parameter_2 = 0.47847272553774883