TestRun Template
Parameter_1 = 37085.331231203934
Parameter_2 = 0.7626486725439322