TestRun Template
Parameter_1 = 32895.79813916452
Parameter_2 = 0.5044598011370012