TestRun Template
Parameter_1 = 31052.35062385758
Parameter_2 = 0.5013274026848901