TestRun Template
Parameter_1 = 41358.970839676535
Parameter_2 = 0.45575932103562283