TestRun Template
Parameter_1 = 37640.01645179427
Parameter_2 = 0.7181166689087269