TestRun Template
Parameter_1 = 25806.775548986356
Parameter_2 = 0.8535927631269311