TestRun Template
Parameter_1 = 77847.09249646311
Parameter_2 = 0.8938924077928859