TestRun Template
Parameter_1 = 37739.951360804924
Parameter_2 = 0.5427867756512742