TestRun Template
Parameter_1 = 29080.309881258254
Parameter_2 = 0.5752530346965388