TestRun Template
Parameter_1 = 31637.810947318372
Parameter_2 = 0.5019812200115505