TestRun Template
Parameter_1 = 28314.261389380128
Parameter_2 = 0.6842033677846351