TestRun Template
Parameter_1 = 38370.911408924956
Parameter_2 = 0.5783577893180186