TestRun Template
Parameter_1 = 38845.727140792
Parameter_2 = 0.44969898270786873