TestRun Template
Parameter_1 = 45424.30779949142
Parameter_2 = 0.6581611298411301