TestRun Template
Parameter_1 = 23483.642539828084
Parameter_2 = 0.5352898742316841