TestRun Template
Parameter_1 = 41079.91018636625
Parameter_2 = 0.46600831850704416