TestRun Template
Parameter_1 = 73775.1946106354
Parameter_2 = 0.45354152153108834