TestRun Template
Parameter_1 = 24827.750044618675
Parameter_2 = 0.8510550257988801