TestRun Template
Parameter_1 = 25134.84203526606
Parameter_2 = 0.45473937726049746