TestRun Template
Parameter_1 = 49360.34717866337
Parameter_2 = 0.4810650136513075