TestRun Template
Parameter_1 = 76290.49798593207
Parameter_2 = 0.3471585730125644