TestRun Template
Parameter_1 = 78783.08139345497
Parameter_2 = 0.4313467916634576