TestRun Template
Parameter_1 = 53817.72686604674
Parameter_2 = 0.5089201370618799