TestRun Template
Parameter_1 = 47163.02237275813
Parameter_2 = 0.3377214257827483