TestRun Template
Parameter_1 = 26792.34892153472
Parameter_2 = 0.7965037042404028