TestRun Template
Parameter_1 = 78013.72011531932
Parameter_2 = 0.41940166204478485