TestRun Template
Parameter_1 = 79899.8101145082
Parameter_2 = 0.48762445476234595