TestRun Template
Parameter_1 = 38647.67540609514
Parameter_2 = 0.412448940972463