TestRun Template
Parameter_1 = 46139.53683320073
Parameter_2 = 0.8924348949413783