TestRun Template
Parameter_1 = 33821.55895763078
Parameter_2 = 0.6548902092762905