TestRun Template
Parameter_1 = 28944.395592656954
Parameter_2 = 0.652009757217017