TestRun Template
Parameter_1 = 77928.57566373803
Parameter_2 = 0.4436948875054967