TestRun Template
Parameter_1 = 49715.84884885175
Parameter_2 = 0.4502071522265888