TestRun Template
Parameter_1 = 38743.928775346074
Parameter_2 = 0.7449658638884652