TestRun Template
Parameter_1 = 36209.433691004764
Parameter_2 = 0.5569701002896437