TestRun Template
Parameter_1 = 24019.598448592467
Parameter_2 = 0.8298810669898017