TestRun Template
Parameter_1 = 34783.83029156359
Parameter_2 = 0.5773412473628443