TestRun Template
Parameter_1 = 41893.877865486495
Parameter_2 = 0.48914608770020196