TestRun Template
Parameter_1 = 40791.72508472168
Parameter_2 = 0.4642453136467958