TestRun Template
Parameter_1 = 40463.18427910423
Parameter_2 = 0.43322384886636955