TestRun Template
Parameter_1 = 42764.17387689312
Parameter_2 = 0.4738897396095382