TestRun Template
Parameter_1 = 29853.87646611711
Parameter_2 = 0.44193802847575275