TestRun Template
Parameter_1 = 79950.57339006555
Parameter_2 = 0.48836592824575914