TestRun Template
Parameter_1 = 23694.487926982758
Parameter_2 = 0.5312750067425829