TestRun Template
Parameter_1 = 40345.01842633577
Parameter_2 = 0.604361646989495