TestRun Template
Parameter_1 = 27774.13932738718
Parameter_2 = 0.42389733386256484