TestRun Template
Parameter_1 = 24728.827388136422
Parameter_2 = 0.5927586347589276