TestRun Template
Parameter_1 = 24576.78285013019
Parameter_2 = 0.5424137267640075