TestRun Template
Parameter_1 = 66933.62288693403
Parameter_2 = 0.32007261772796136