TestRun Template
Parameter_1 = 31417.23986504383
Parameter_2 = 0.47096351032966466