TestRun Template
Parameter_1 = 35479.8788883844
Parameter_2 = 0.44521391928750437