TestRun Template
Parameter_1 = 46170.79593210635
Parameter_2 = 0.4707684002633056