TestRun Template
Parameter_1 = 39704.51712845092
Parameter_2 = 0.4122615251799614