TestRun Template
Parameter_1 = 77258.85902985922
Parameter_2 = 0.4113706223016447