TestRun Template
Parameter_1 = 44107.94564527984
Parameter_2 = 0.6131580871105131