TestRun Template
Parameter_1 = 39862.60736441546
Parameter_2 = 0.38119136064389614