TestRun Template
Parameter_1 = 78395.7691084997
Parameter_2 = 0.8278160150716884