TestRun Template
Parameter_1 = 49091.80002734451
Parameter_2 = 0.630123975790129