TestRun Template
Parameter_1 = 26742.080370920834
Parameter_2 = 0.44693486877735983