TestRun Template
Parameter_1 = 24378.701683050484
Parameter_2 = 0.5426875656827451