TestRun Template
Parameter_1 = 79996.5648249502
Parameter_2 = 0.46334933372585174