TestRun Template
Parameter_1 = 26199.703332523062
Parameter_2 = 0.6334684897016432