TestRun Template
Parameter_1 = 69198.14114485386
Parameter_2 = 0.35018577014079405