TestRun Template
Parameter_1 = 21559.277892391405
Parameter_2 = 0.87272337585147