TestRun Template
Parameter_1 = 78722.30946198336
Parameter_2 = 0.30286067211447476