TestRun Template
Parameter_1 = 50265.164781091065
Parameter_2 = 0.4517051145950559