TestRun Template
Parameter_1 = 42055.81248198972
Parameter_2 = 0.46366339417788577