TestRun Template
Parameter_1 = 42322.69548038144
Parameter_2 = 0.46190678663409884