TestRun Template
Parameter_1 = 36641.006625450485
Parameter_2 = 0.4591885663844673