TestRun Template
Parameter_1 = 35913.5043498074
Parameter_2 = 0.4553635077569815