TestRun Template
Parameter_1 = 43411.686911050616
Parameter_2 = 0.6681043070680213