TestRun Template
Parameter_1 = 35140.49268491004
Parameter_2 = 0.5276098040932419