TestRun Template
Parameter_1 = 34920.656259581316
Parameter_2 = 0.5364681170947413