TestRun Template
Parameter_1 = 44366.27112170605
Parameter_2 = 0.49411064503998675