TestRun Template
Parameter_1 = 39559.19680901373
Parameter_2 = 0.4188171065299732