TestRun Template
Parameter_1 = 33898.49952413103
Parameter_2 = 0.4851338763690765