TestRun Template
Parameter_1 = 31922.50200650446
Parameter_2 = 0.5420408782595268