TestRun Template
Parameter_1 = 39360.11837494636
Parameter_2 = 0.409123153771796