TestRun Template
Parameter_1 = 39726.86112698358
Parameter_2 = 0.4714632997213071