TestRun Template
Parameter_1 = 37451.51694101663
Parameter_2 = 0.5823967179964195