TestRun Template
Parameter_1 = 40701.06877350321
Parameter_2 = 0.49126215963617015