TestRun Template
Parameter_1 = 75701.24162183588
Parameter_2 = 0.4221975255773162