TestRun Template
Parameter_1 = 26702.739435214044
Parameter_2 = 0.46092663237969644