TestRun Template
Parameter_1 = 48119.94885665608
Parameter_2 = 0.47883805973373433