TestRun Template
Parameter_1 = 45785.02390896495
Parameter_2 = 0.44259198242865294