TestRun Template
Parameter_1 = 42214.21504291314
Parameter_2 = 0.48931365447909864