TestRun Template
Parameter_1 = 42002.366594163905
Parameter_2 = 0.4370936206446247