TestRun Template
Parameter_1 = 47696.35022645499
Parameter_2 = 0.45062636755784885