TestRun Template
Parameter_1 = 34152.07612785847
Parameter_2 = 0.6865240684516848