TestRun Template
Parameter_1 = 79968.06144923625
Parameter_2 = 0.4251219482685284