TestRun Template
Parameter_1 = 65611.24680117019
Parameter_2 = 0.3815551671845091