TestRun Template
Parameter_1 = 37894.199703985745
Parameter_2 = 0.5579872826739313