TestRun Template
Parameter_1 = 38606.24959087461
Parameter_2 = 0.6289166533677379