TestRun Template
Parameter_1 = 34637.24847855709
Parameter_2 = 0.679254331992294