TestRun Template
Parameter_1 = 65824.12856663403
Parameter_2 = 0.3200498119549311