TestRun Template
Parameter_1 = 34483.5483158213
Parameter_2 = 0.5360040449901784