TestRun Template
Parameter_1 = 74100.18434714769
Parameter_2 = 0.409801124909151