TestRun Template
Parameter_1 = 78366.05652177508
Parameter_2 = 0.8530533351655449