TestRun Template
Parameter_1 = 43223.806370345694
Parameter_2 = 0.6150625720918415