TestRun Template
Parameter_1 = 62741.818040178754
Parameter_2 = 0.3179491250463073