TestRun Template
Parameter_1 = 29232.365553363885
Parameter_2 = 0.48918955949968534