TestRun Template
Parameter_1 = 43912.37742596855
Parameter_2 = 0.5777450107757448