TestRun Template
Parameter_1 = 33336.390657025695
Parameter_2 = 0.40357746877289064