TestRun Template
Parameter_1 = 45827.38433264378
Parameter_2 = 0.46475642345355106