TestRun Template
Parameter_1 = 42192.45729017505
Parameter_2 = 0.4535813419507426