TestRun Template
Parameter_1 = 45994.764746094035
Parameter_2 = 0.43995238916818846