TestRun Template
Parameter_1 = 40431.98410377529
Parameter_2 = 0.4970627716653667