TestRun Template
Parameter_1 = 27176.25559260891
Parameter_2 = 0.5616966610043347