TestRun Template
Parameter_1 = 28065.971864244548
Parameter_2 = 0.4571035397859669