TestRun Template
Parameter_1 = 41024.24287470543
Parameter_2 = 0.4695159484061505