TestRun Template
Parameter_1 = 29727.086457876925
Parameter_2 = 0.5678652792596393