TestRun Template
Parameter_1 = 39944.31241381639
Parameter_2 = 0.4465343882402868