TestRun Template
Parameter_1 = 28447.038481895863
Parameter_2 = 0.5535821173491968