TestRun Template
Parameter_1 = 44598.668293661445
Parameter_2 = 0.4976563892546074