TestRun Template
Parameter_1 = 42492.837463900476
Parameter_2 = 0.6032213473516497