TestRun Template
Parameter_1 = 76679.77443826084
Parameter_2 = 0.5156750000646059