TestRun Template
Parameter_1 = 48001.07521255429
Parameter_2 = 0.47612141310020645