TestRun Template
Parameter_1 = 33656.91517126546
Parameter_2 = 0.5062282468306338