TestRun Template
Parameter_1 = 33656.205929949196
Parameter_2 = 0.6769618572256051