TestRun Template
Parameter_1 = 24238.302501270155
Parameter_2 = 0.4900371442025675