TestRun Template
Parameter_1 = 79346.68167630839
Parameter_2 = 0.46470602465850647