TestRun Template
Parameter_1 = 43258.82787237956
Parameter_2 = 0.5228389396525279