TestRun Template
Parameter_1 = 21648.763507060674
Parameter_2 = 0.866165296862439