TestRun Template
Parameter_1 = 43154.837046277025
Parameter_2 = 0.5039057941969844