TestRun Template
Parameter_1 = 62607.04621821298
Parameter_2 = 0.32538604152747685