TestRun Template
Parameter_1 = 24744.210073611765
Parameter_2 = 0.31191749393035223