TestRun Template
Parameter_1 = 49943.722726853994
Parameter_2 = 0.43517359732493693