TestRun Template
Parameter_1 = 45315.3590677655
Parameter_2 = 0.45695858221482644