TestRun Template
Parameter_1 = 32731.521856087526
Parameter_2 = 0.5182430152862354