TestRun Template
Parameter_1 = 70052.61012716974
Parameter_2 = 0.32283447703365664